Initializing I2C devices...A
Initializing I2C devices...B
Testing device connections...
MPU6050 connection successful
-684	-64	16748	-294	85	-62	
-588	-156	16660	-260	97	-59	
-664	-148	16644	-259	100	-59	
-448	-176	16676	-275	98	-47	
-636	-156	16844	-277	84	-72	
-700	-148	16788	-297	102	-57	
-744	-272	16800	-261	78	-49	
-564	-96	16712	-277	71	-57	
-620	-132	16908	-286	63	-58	
-592	-112	16948	-279	89	-76	
-712	-216	16700	-277	86	-71	
-656	-108	16824	-251	95	-64	
-676	-172	16656	-260	76	-61	
-640	-180	16736	-283	88	-44	
-664	-104	16724	-279	78	-53	
-676	-184	16644	-263	72	-85	
-680	-276	16688	-274	84	-75	
-656	-208	16704	-262	99	-69	
-716	-124	16896	-258	81	-51	
-704	-128	16680	-297	84	-38	
-652	-172	16732	-290	80	-29	
-584	-172	16744	-275	70	-65	
-664	-172	16876	-287	92	-54	
-588	-188	16604	-256	86	-72	
-620	-184	16840	-272	92	-65	
-572	-248	16848	-275	88	-49	
-656	-148	16828	-258	77	-74	
-652	-92	16468	-276	84	-49	
-668	-136	16700	-294	83	-76	
-648	-224	16624	-263	95	-49	
-668	-116	16744	-266	93	-56	
-628	-176	16704	-289	102	-47	
-688	-240	16680	-242	84	-64	
-744	-192	16624	-260	97	-59	
-672	-212	16796	-276	111	-48	
-648	-80	16652	-264	78	-63	
-600	-116	16632	-257	61	-66	
-680	-172	16740	-294	74	-43	
-696	-60	16848	-283	87	-51	
-620	-192	16828	-273	85	-20	
-628	-184	16712	-283	100	-61	
-644	-228	16740	-277	96	-62	
-648	-184	16780	-278	108	-39	
-564	-112	16752	-280	95	-47	
-672	-236	16624	-270	79	-45	
-624	-224	16728	-265	89	-40	
-544	-116	16676	-268	92	-49	
-600	-96	16836	-293	94	-37	
-596	-132	16720	-282	93	-32	
-720	-200	16660	-273	113	-101	
-592	-96	16808	-281	74	-72	
-656	-112	16824	-280	86	-58	
-716	-76	16664	-281	84	-30	
-644	-184	16732	-263	92	-65	
-656	-88	16588	-273	93	-64	
-660	-224	16816	-266	99	-47	
-660	-168	16760	-286	74	-56	
-684	-256	16588	-263	69	-43	
-616	-120	16692	-264	66	-59	
-588	-100	16704	-278	71	-50	
-696	-128	16820	-292	69	-41	
-656	-216	16644	-240	94	-35	
-724	-156	16800	-268	77	-69	
-548	-208	16644	-256	85	-67	
-680	-144	16620	-255	88	-48	
-644	-232	16680	-285	81	-51	
-680	-152	16796	-283	81	-60	
-652	-168	16716	-271	87	-67	
-592	-156	16612	-257	73	-56	
-708	-232	16656	-270	82	-43	
-652	-124	16700	-258	98	-54	
-692	-180	16616	-285	91	-66	
-588	-124	16752	-300	102	-46	
-612	-156	16684	-269	85	-48	
-724	-200	16716	-283	87	-47	
-592	-120	16624	-266	50	-67	
-640	-100	16744	-279	81	-37	
-660	-160	16816	-253	90	-53	
-724	-128	16636	-264	106	-45	
-660	-192	16732	-270	75	-57	
-584	-160	16672	-259	78	-65	
-636	-204	16692	-253	84	-37	
-580	-172	16800	-292	82	-54	
-700	-224	16684	-273	86	-70	
-656	-156	16692	-284	81	-60	
-592	-232	16748	-251	101	-79	
-612	-212	16740	-282	77	-53	
-712	-104	16680	-262	99	-61	
-588	-116	16724	-246	72	-47	
-624	-164	16720	-262	83	-43	
-644	-172	16884	-291	86	-55	
-704	-196	16768	-284	109	-49	
-644	-112	16560	-284	68	-53	
-660	-264	16648	-289	103	-63	
-748	-140	16788	-286	84	-48	
-640	-180	16720	-266	91	-45	
-636	-136	16724	-278	92	-75	
-688	-168	16796	-274	93	-39	
-580	-164	16728	-288	101	-55	
-708	-220	16652	-248	94	-37	
-636	-256	16688	-265	80	-55	
-680	-108	16596	-255	67	-59	
-656	-108	16780	-282	88	-43	
-636	-204	16644	-277	99	-51	
-584	-124	16676	-276	91	-52	
-688	-200	16848	-278	86	-46	
-652	-132	16776	-278	104	-62	
-660	-108	16744	-249	72	-74	
-688	-112	16648	-294	82	-27	
-660	-196	16620	-271	88	-47	
-680	-204	16716	-277	100	-39	
-636	-116	16776	-283	94	-48	
-680	-116	16696	-285	76	-58	
-720	-232	16780	-260	91	-51	
-532	-228	16604	-271	90	-61	
-644	-152	16828	-280	80	-59	
-644	-160	16740	-245	95	-51	
-612	-204	16904	-286	86	-41	
-572	-92	16732	-280	82	-45	
-756	-200	16640	-254	89	-40	
-592	-116	16724	-296	101	-44	
-624	-224	16716	-269	95	-55	
-692	-180	16752	-281	62	-33	
-652	-96	16804	-269	75	-62	
-568	-216	16716	-270	115	-66	
-572	-112	16668	-283	99	-37	
-636	-232	16772	-251	76	-54	
-636	-144	16768	-252	69	-62	
-652	-124	16620	-253	100	-65	
-716	-168	16784	-269	86	-59	
-692	-232	16732	-234	66	-45	
-620	-128	16612	-279	102	-66	
-656	-216	16564	-289	81	-58	
-652	-96	16616	-267	102	-54	
-592	-164	16676	-262	106	-58	
-568	-180	16716	-274	84	-35	
-604	-92	16736	-274	83	-53	
-572	-156	16572	-267	91	-56	
-580	-236	16788	-278	72	-45	
-572	-76	16904	-250	94	-33	
-616	-192	16628	-271	63	-65	
-724	-164	16804	-250	92	-74	
-596	-204	16668	-274	112	-44	
-588	-160	16736	-290	90	-64	
-656	-116	16672	-293	76	-68	
-672	-200	16756	-278	77	-34	
-676	-76	16744	-298	83	-54	
-660	-172	16728	-273	69	-65	
-592	-56	16544	-263	78	-24	
-668	-260	16804	-252	86	-55	
-604	-160	16692	-279	67	-52	
-616	-176	16716	-291	90	-74	
-728	-72	16636	-293	71	-57	
-620	-100	16676	-282	69	-63	
-660	-188	16612	-262	76	-61	
-688	-120	16612	-276	84	-41	
-684	-84	16796	-274	83	-59	
-648	-184	16684	-271	80	-45	
-604	-64	16664	-263	79	-55	
-656	-172	16600	-289	77	-44	
-628	-188	16792	-283	81	-63	
-584	-144	16772	-282	105	-74	
-680	-200	16636	-262	64	-18	
-596	-184	16672	-281	96	-51	
-652	-188	16760	-286	108	-62	
-664	-88	16648	-287	94	-53	
-608	-208	16732	-269	101	-74	
-764	-32	16768	-283	73	-77	
-684	-88	16884	-272	81	-53	
-636	-156	16712	-281	81	-55	
-684	-148	16672	-274	92	-39	
-620	-232	16700	-274	86	-62	
-572	-160	16472	-292	85	-62	
-620	-132	16732	-272	98	-55	
-684	-152	16604	-281	111	-64	
-744	-152	16784	-283	73	-56	
-560	-148	16756	-284	77	-52	
-616	-208	16740	-237	80	-41	
-636	-120	16580	-285	60	-47	
-620	-224	16624	-283	84	-30	
-684	-148	16800	-266	69	-68	
-604	-212	16532	-266	82	-40	
-572	-272	16784	-257	92	-36	
-676	-220	16688	-264	80	-56	
-672	-184	16652	-281	60	-71	
-612	-164	16840	-273	95	-46	
-696	-116	16720	-279	76	-45	
-680	-176	16636	-263	66	-52	
-628	-240	16736	-263	93	-63	
-652	-216	16780	-287	70	-31	
-712	-144	16740	-284	104	-69	
-640	-176	16896	-269	59	-63	
-580	-156	16712	-295	75	-60	
-712	-116	16740	-262	105	-39	
-632	-164	16724	-277	92	-69	
-780	-244	16752	-272	73	-60	
-584	-196	16584	-255	65	-70	
-672	-272	16824	-250	68	-40	
-688	-192	16656	-293	97	-42	
-588	-148	16836	-287	85	-43	
-644	-180	16964	-267	80	-64	
-692	-188	16784	-290	64	-69	
-668	-216	16832	-258	82	-78	
-684	-152	16676	-260	91	-53	
-716	-180	16684	-257	70	-44	
-676	-152	16552	-261	72	-68	
-660	-84	16580	-268	96	-55	
-712	-140	16652	-286	70	-59	
-560	-108	16804	-278	77	-58	
-656	-228	16804	-275	89	-39	
-660	-180	16644	-280	80	-48	
-668	-296	16740	-253	82	-43	
-632	-176	16612	-275	88	-36	
-544	-296	16820	-270	72	-58	
-712	-236	16820	-288	72	-53	
-632	-308	16776	-270	95	-59	
-724	-156	16696	-289	63	-51	
-584	-144	16772	-276	96	-44	
-628	-156	16672	-263	96	-55	
-632	-212	16692	-277	70	-60	
-668	-148	16664	-280	112	-36	
-688	-128	16676	-265	90	-61	
-660	-124	16864	-248	106	-56	
-580	-176	16696	-251	60	-54	
-632	-136	16692	-287	99	-59	
-680	-200	16880	-254	81	-50	
-680	-252	16796	-258	86	-79	
-656	-60	16788	-264	81	-56	
-700	-72	16884	-258	92	-66	
-592	-240	16724	-259	64	-36	
-688	-156	16704	-275	71	-64	
-600	-56	16732	-289	89	-47	
-580	-124	16640	-277	64	-47	
-696	-184	16540	-264	71	-56	
-616	-248	16572	-268	108	-57	
-572	-188	16676	-288	71	-43	
-672	-168	16752	-259	83	-45	
-540	-108	16780	-268	65	-34	
-676	-132	16668	-292	102	-49	
-728	-176	16600	-272	84	-32	
-628	-228	16788	-268	84	-75	
-612	-156	16664	-284	78	-37	
-688	-156	16616	-256	70	-47	
-532	-116	16596	-288	85	-64	
-616	-128	16684	-286	80	-47	
-604	-196	16772	-261	85	-59	
-660	-200	16868	-287	77	-46	
-600	-104	16688	-280	81	-64	
-712	-172	16672	-297	99	-70	
-628	-104	16696	-261	77	-56	
-516	-120	16760	-268	101	-35	
-664	-72	16700	-273	106	-67	
-736	-136	16660	-292	93	-46	
-720	-156	16624	-278	107	-51	
-560	-164	16704	-258	84	-36	
-568	-248	16740	-288	86	-58	
-664	-188	16644	-251	80	-60	
-644	-184	16684	-268	69	-41	
-656	-92	16856	-257	85	-68	
-604	-188	16644	-262	87	-47	
-640	-132	16596	-283	90	-59	
-616	-172	16880	-280	80	-54	
-672	-208	16776	-285	110	-43	
-600	-84	16788	-268	78	-48	
-652	-184	16648	-282	61	-50	
-680	-140	16784	-275	87	-41	
-636	-160	16672	-271	87	-46	
-700	-248	16732	-252	95	-68	
-628	-124	16620	-258	87	-68	
-704	-148	16648	-271	80	-47	
-668	-176	16552	-264	98	-69	
-584	-96	16688	-279	91	-62	
-608	-156	16716	-277	64	-37	
-652	-200	16564	-275	110	-50	
-620	-72	16684	-282	84	-62	
-576	-212	16720	-280	100	-41	
-572	-96	16608	-275	88	-58	
-720	-156	16648	-289	111	-46	
-548	-252	16728	-296	81	-41	
-468	-136	16744	-272	72	-51	
-700	-216	16600	-279	86	-35	
-716	-224	16708	-271	91	-61	
-792	-216	16616	-280	66	-53	
-652	-96	16704	-288	79	-56	
-692	-212	16716	-293	86	-64	
-712	-164	16708	-277	67	-61	
-676	-244	16668	-278	87	-44	
-652	-96	16588	-279	85	-24	
-648	-224	16656	-265	55	-55	
-532	-196	16724	-270	83	-67	
-588	-100	16656	-280	70	-66	
-644	-192	16824	-292	83	-50	
-720	-124	16656	-277	105	-66	
-592	-208	16740	-241	104	-53	
-696	-76	16864	-277	86	-29	
-648	-96	16720	-291	104	-46	
-716	-84	16532	-273	77	-49	
-676	-140	16716	-294	87	-68	
-620	-120	16668	-275	86	-56	
-648	-136	16720	-291	60	-56	
-604	-52	16852	-289	89	-61	
-716	-232	16684	-290	88	-49	
-632	-208	16668	-262	98	-57	
-660	-128	16632	-263	92	-43	
-652	-220	16584	-272	98	-48	
-716	-132	16672	-267	94	-75	
-588	-200	16736	-268	79	-55	
-672	-276	16596	-254	99	-61	
-612	-188	16756	-257	79	-52	
-712	-192	16708	-283	72	-35	
-768	-148	16648	-282	75	-56	
-616	-160	16768	-241	74	-42	
-648	-100	16732	-283	98	-66	
-636	-156	16736	-243	78	-61	
-652	-200	16700	-296	80	-69	
-672	-116	16720	-294	55	-59	
-668	-204	16748	-257	91	-49	
-684	-172	16776	-288	94	-58	
-600	-176	16612	-277	84	-49	
-704	-132	16748	-254	103	-66	
-632	-184	16780	-287	101	-60	
-704	-132	16844	-261	96	-65	
-696	-116	16748	-269	78	-45	
-656	-172	16672	-287	59	-67	
-752	-116	16672	-273	57	-63	
-632	-212	16532	-285	72	-51	
-604	-172	16728	-278	87	-57	
-680	-208	16756	-277	90	-37	
-656	-160	16740	-258	94	-48	
-632	-216	16720	-287	92	-45	
-588	-136	16828	-261	78	-47	
-764	-224	16688	-270	78	-66	
-588	-84	16712	-260	77	-57	
-624	-212	16736	-269	69	-57	
-564	-164	16788	-265	101	-64	
-764	-236	16668	-267	87	-60	
-592	-116	16824	-263	89	-50	
-652	-76	16724	-270	83	-27	
-576	-152	16632	-267	70	-80	
-720	-116	16728	-290	109	-51	
-656	-176	16740	-285	127	-69	
-688	-192	16644	-276	93	-43	
-712	-200	16720	-289	83	-21	
-556	-188	16740	-288	84	-58	
-712	-164	16768	-269	75	-48	
-680	-152	16704	-259	71	-65	
-688	-88	16652	-284	79	-73	
-648	-136	16816	-270	87	-61	
-712	-172	16696	-262	105	-63	
-592	-100	16676	-282	72	-57	
-676	-132	16780	-268	75	-40	
-740	-244	16712	-273	104	-48	
-612	-164	16780	-287	81	-53	
-636	-184	16516	-281	101	-31	
-600	-188	16732	-280	82	-44	
-604	-184	16660	-253	63	-69	
-664	-152	16844	-271	80	-67	
-632	-200	16652	-293	80	-68	
-624	-132	16556	-275	81	-62	
-664	-172	16700	-279	78	-42	
-688	-60	16752	-276	83	-50	
-612	-200	16672	-281	82	-69	
-700	-268	16704	-289	83	-31	
-632	-188	16804	-264	95	-57	
-816	-176	16720	-298	84	-65	
-660	-188	16684	-283	109	-47	
-676	-192	16748	-300	79	-56	
-724	-68	16740	-264	97	-59	
-728	-204	16768	-274	58	-68	
-612	-172	16540	-280	75	-71	
-616	-172	16736	-264	96	-53	
-624	-172	16844	-274	66	-55	
-616	-144	16624	-265	88	-42	
-672	-128	16816	-271	98	-51	
-684	-176	16632	-239	72	-53	
-676	-132	16636	-277	109	-51	
-596	-152	16740	-254	96	-61	
-612	-188	16684	-292	64	-53	
-592	-148	16604	-275	84	-56	
-716	-208	16820	-265	81	-26	
-664	-228	16584	-256	70	-61	
-660	-244	16588	-267	77	-29	
-688	-168	16848	-262	71	-66	
-600	-188	16696	-258	95	-38	
-656	-96	16716	-280	80	-30	
-784	-124	16744	-275	113	-55	
-676	-160	16648	-274	75	-53	
-616	-280	16732	-290	87	-54	
-664	-164	16652	-278	78	-63	
-648	-156	16476	-272	94	-58	
-612	-196	16720	-309	80	-45	
-612	-144	16836	-282	83	-62	
-600	-172	16772	-294	77	-66	
-664	-156	16632	-276	66	-60	
-684	-140	16748	-290	85	-34	
-848	-160	16632	-283	107	-53	
-708	-144	16624	-290	126	-35	
-712	-168	16832	-267	75	-30	
-632	-216	16736	-287	89	-52	
-656	-248	16712	-283	70	-51	
-628	-116	16572	-284	93	-53	
-668	-148	16800	-271	84	-50	
-636	-180	16656	-286	78	-47	
-668	-208	16708	-271	81	-72	
-608	-156	16720	-277	81	-76	
-648	-200	16692	-278	71	-48	
-648	-176	16604	-258	84	-65	
-728	-252	16788	-274	87	-62	
-548	-232	16744	-281	89	-64	
-672	-292	16824	-264	99	-63	
-580	-156	16612	-270	87	-57	
-740	-104	16840	-273	97	-51	
-672	-120	16600	-257	86	-74	
-612	-216	16768	-274	90	-75	
-588	-108	16636	-250	66	-46	
-588	-180	16736	-269	97	-56	
-588	-200	16812	-257	116	-59	
-568	-200	16720	-274	81	-51	
-760	-200	16596	-299	104	-55	
-712	-200	16820	-277	71	-82	
-752	-172	16756	-292	70	-52	
-632	-136	16740	-273	73	-41	
-596	-156	16756	-296	85	-43	
-600	-148	16648	-275	84	-60	
-628	-160	16672	-253	64	-51	
-636	-244	16692	-264	72	-57	
-616	-196	16788	-289	88	-86	
-740	-244	16772	-265	52	-56	
-588	-216	16752	-299	86	-58	
-640	-188	16924	-283	72	-37	
-616	-220	16768	-305	94	-65	
-684	-132	16648	-274	97	-49	
-620	-172	16612	-258	80	-65	
-744	-208	16772	-271	92	-72	
-600	-92	16660	-270	76	-44	
-740	-116	16648	-275	107	-38	
-632	-148	16788	-268	79	-62	
-628	-200	16720	-272	90	-43	
-556	-180	16704	-275	87	-53	
-612	-116	16856	-273	80	-48	
-620	-252	16576	-278	79	-68	
-696	-276	16780	-261	80	-74	
-656	-212	16808	-279	90	-59	
-656	-156	16548	-270	89	-77	
-628	-236	16740	-273	78	-50	
-640	-192	16728	-274	91	-36	
-760	-132	16656	-266	103	-56	
-728	-204	16892	-273	67	-65	
-592	-228	16592	-262	90	-71	
-688	-232	16760	-256	102	-43	
-732	-204	16772	-265	101	-27	
-580	-40	16732	-266	71	-71	
-608	24	16692	-310	79	-49	
-572	-136	16628	-284	94	-46	
-644	-128	16720	-283	96	-51	
-628	-272	16740	-279	78	-38	
-640	-220	16888	-285	68	-42	
-700	-228	16712	-289	82	-60	
-664	-208	16740	-276	81	-66	
-660	-200	16680	-251	112	-51	
-660	-244	16804	-285	107	-50	
-588	-320	16648	-257	77	-58	
-604	-84	16664	-274	92	-40	
-640	-80	16564	-256	83	-70	
-648	-104	16688	-268	44	-52	
-644	-116	16644	-281	105	-58	
-628	-32	16516	-290	103	-59	
-636	-132	16636	-300	82	-57	
-728	-140	16780	-278	67	-37	
-716	-244	16676	-289	67	-63	
-808	-240	16748	-289	63	-53	
-756	-240	16740	-279	87	-67	
-640	-144	16756	-273	89	-61	
-696	-104	16760	-258	93	-36	
-540	-140	16660	-258	71	-37	
-640	-108	16764	-268	106	-55	
-640	-124	16576	-271	94	-67	
-612	-136	16788	-280	99	-56	
-728	-88	16640	-293	67	-48	
-556	-96	16604	-297	81	-50	
-628	-148	16788	-282	79	-31	
-660	-128	16692	-292	98	-41	
-668	-108	16704	-260	70	-73	
-768	-96	16604	-278	86	-55	
-660	-208	16756	-250	78	-59	
-820	-140	16780	-256	76	-52	
-652	-92	16796	-240	83	-52	
-608	-40	16752	-264	114	-56	
-628	-112	16632	-254	79	-54	
-640	-56	16636	-286	94	-34	
-696	-160	16752	-263	100	-24	
-724	-176	16696	-290	84	-72	
-652	-272	16720	-279	90	-52	
-704	-236	16800	-261	116	-84	
-596	-148	16832	-274	87	-63	
-560	-204	16804	-243	78	-39	
-700	-248	16620	-253	104	-45	
-524	-88	16716	-272	91	-49	
-528	-148	16652	-276	79	-41	
-540	-112	16740	-290	108	-49	
-632	-96	16580	-305	90	-36	
-664	-244	16684	-261	64	-64	
-612	-164	16808	-287	79	-52	
-680	-132	16468	-266	105	-54	
-736	-100	16672	-289	82	-36	
-684	-336	16772	-274	69	-61	
-584	-116	16584	-264	88	-44	
-680	-232	16816	-267	85	-46	
-688	-184	16728	-271	92	-56	
-668	-44	16700	-273	86	-54	
-588	-152	16728	-285	88	-19	
-652	-88	16732	-306	85	-58	
-628	-252	16748	-285	81	-51	
-676	-212	16832	-285	76	-37	
-616	-252	16688	-282	62	-51	
-588	-176	16740	-283	77	-53	
-608	-188	16640	-295	87	-68	
-648	-128	16804	-266	89	-44	
-652	-68	16556	-280	70	-34	
-596	-172	16696	-280	96	-35	
-612	-156	16860	-254	63	-44	
-612	-192	16708	-294	102	-45	
-668	-256	16756	-269	107	-43	
-692	-160	16736	-291	55	-63	
-744	-248	16760	-292	77	-48	
-704	-236	16732	-279	79	-52	
-684	-240	16620	-265	79	-65	
-748	-100	16648	-277	76	-63	
-648	-188	16632	-252	101	-57	
-676	-144	16772	-266	95	-51	
-568	-116	16748	-263	82	-54	
-684	-132	16672	-264	89	-39	
-632	-76	16740	-264	94	-49	
-672	-136	16872	-272	74	-39	
-688	-184	16660	-272	91	-39	
-612	-204	16752	-275	95	-42	
-716	-228	16704	-301	86	-48	
-648	-96	16772	-283	67	-43	
-676	-244	16668	-284	90	-54	
-644	-220	16760	-284	79	-44	
-560	-200	16688	-258	84	-32	
-704	-72	16692	-280	83	-49	
-764	-212	16664	-243	95	-44	
-588	-156	16588	-255	110	-55	
-624	-136	16604	-278	98	-44	
-640	-188	16816	-276	85	-46	
-624	-164	16864	-284	103	-52	
-760	-184	16700	-267	101	-67	
-668	-192	16648	-264	103	-46	
-668	-136	16684	-274	102	-51	
-656	-124	16716	-271	93	-56	
-720	-164	16668	-264	59	-49	
-700	-168	16780	-260	74	-59	
-672	-76	16680	-255	82	-60	
-612	-120	16920	-265	89	-40	
-600	-164	16768	-276	106	-33	
-592	-180	16792	-263	51	-50	
-632	-180	16756	-267	88	-43	
-612	-244	16832	-263	82	-36	
-644	-168	16656	-288	79	-54	
-624	-144	16720	-265	78	-59	
-620	-172	16668	-284	83	-50	
-784	-172	16800	-261	94	-44	
-688	-200	16628	-257	96	-54	
-588	-148	16672	-274	90	-35	
-656	-132	16644	-275	72	-49	
-604	-144	16704	-296	81	-67	
-736	-208	16624	-274	96	-61	
-720	-208	16652	-288	81	-58	
-652	-120	16764	-233	77	-54	
-692	-212	16692	-269	64	-44	
-676	-284	16740	-266	66	-60	
-672	-164	16720	-274	90	-32	
-624	-52	16808	-279	72	-45	
-676	-212	16724	-258	86	-59	
-740	-196	16768	-255	89	-49	
-660	-112	16672	-253	85	-47	
-708	-128	16920	-274	76	-32	
-680	-152	16680	-246	94	-30	
-600	-172	16828	-268	70	-25	
-652	-236	16848	-280	112	-42	
-572	-160	16740	-287	79	-47	
-664	-196	16680	-270	84	-46	
-588	-60	16780	-288	69	-54	
-616	-168	16764	-260	95	-71	
-608	-176	16652	-269	96	-47	
-576	-144	16800	-286	92	-60	
-656	-96	16728	-266	82	-52	
-716	-248	16800	-284	85	-73	
-648	-44	16668	-278	90	-34	
-728	-212	16664	-273	92	-54	
-676	-140	16732	-263	97	-65	
-652	-172	16688	-270	70	-55	
-728	-144	16824	-267	80	-61	
-632	-120	16772	-278	77	-81	
-660	-200	16576	-259	76	-70	
-688	-188	16808	-261	69	-62	
-636	-136	16624	-264	80	-45	
-596	-208	16752	-289	99	-27	
-660	-156	16680	-281	84	-54	
-584	-136	16724	-280	80	-64	
-624	-148	16728	-277	97	-43	
-712	-208	16572	-283	86	-30	
-732	-156	16756	-281	87	-43	
-708	-188	16844	-272	78	-49	
-568	-100	16828	-271	89	-34	
-608	-204	16664	-285	95	-84	
-600	-184	16716	-271	97	-65	
-736	-168	16696	-275	96	-53	
-632	-120	16636	-271	79	-41	
-704	-112	16696	-283	106	-57	
-728	-116	16744	-262	63	-63	
-680	-120	16748	-280	105	-59	
-732	-132	16740	-275	85	-40	
-652	-200	16784	-281	98	-61	
-732	-156	16672	-274	95	-63	
-612	-208	16668	-279	84	-58	
-700	-360	16684	-272	50	-64	
-764	-312	16488	-259	74	-51	
-720	-348	16708	-231	76	-60	
-616	-484	16632	-220	85	-58	
-572	-4	17236	-185	97	-46	
-444	444	16328	-342	92	-49	
-432	-72	16240	-295	127	-49	
-624	-272	16624	-287	92	-51	
-664	-148	17092	-308	168	-77	
-744	-272	16764	-356	103	-77	
-724	-484	16412	-299	103	-75	
-768	-284	16928	-274	67	-60	
-840	-104	17024	-238	39	-11	
-800	-216	16816	-247	89	-50	
-744	-228	16560	-231	37	-20	
-588	-16	16596	-217	83	-77	
-496	68	16736	-245	70	-84	
-472	-4	16680	-277	92	-74	
-540	40	16636	-306	101	-69	
-572	28	16532	-316	83	-61	
-640	-148	16684	-339	74	-45	
-708	-232	16772	-312	96	-47	
-796	-404	16812	-320	56	-39	
-812	-456	16900	-282	70	-53	
-680	-388	16656	-245	88	-59	
-748	-108	16772	-254	63	-47	
-560	-4	16756	-236	51	-50	
-444	132	16776	-211	75	-58	
-460	44	16648	-262	87	-57	
-540	-84	16712	-271	92	-63	
-672	-60	16584	-302	95	-39	
-668	-228	16676	-333	99	-66	
-680	-212	16832	-327	84	-57	
-644	-292	16692	-294	69	-57	
-748	-168	16728	-302	96	-48	
-772	-340	16760	-246	79	-51	
-756	-192	16700	-243	77	-36	
-708	-256	16760	-225	88	-42	
-644	-224	16672	-238	69	-65	
-644	-40	16712	-237	101	-54	
-564	56	16756	-267	83	-46	
-656	124	16684	-294	82	-65	
-548	-184	16712	-292	119	-59	
-716	-228	16684	-295	108	-41	
-656	-332	16808	-316	87	-56	
-760	-392	16660	-291	75	-45	
-688	-256	16764	-271	90	-43	
-700	-204	16740	-249	73	-63	
-680	-76	16712	-271	79	-81	
-620	-84	16608	-250	73	-50	
-616	20	16784	-258	82	-47	
-508	-12	16720	-260	111	-62	
-636	-148	16776	-290	97	-51	
-564	-132	16668	-276	107	-37	
-644	-232	16628	-313	88	-65	
-720	-200	16676	-298	89	-63	
-708	-224	16844	-292	81	-57	
-820	-328	16884	-292	78	-38	
-748	-236	16732	-287	79	-63	
-676	-100	16676	-254	63	-43	
-588	-188	16564	-239	74	-77	
-600	-116	16792	-249	81	-41	
-552	-104	16608	-237	91	-21	
-604	-100	16616	-274	115	-57	
-648	-32	16732	-266	103	-62	
-656	-72	16688	-292	85	-43	
-792	-384	16852	-316	87	-44	
-560	-248	16712	-290	90	-59	
-724	-240	16848	-287	95	-68	
-668	-264	16788	-282	52	-55	
-736	-144	16812	-272	93	-66	
-620	-164	16748	-267	75	-69	
-596	-120	16556	-257	89	-72	
-648	-24	16672	-254	81	-58	
-640	-96	16636	-238	86	-48	
-540	-100	16572	-283	100	-46	
-580	-104	16732	-281	90	-53	
-604	-144	16768	-304	105	-41	
-608	-224	16728	-280	72	-65	
-752	-240	16548	-287	95	-40	
-672	-220	16780	-316	75	-79	
-716	-196	16704	-282	68	-35	
-684	-216	16692	-259	82	-56	
-668	-88	16672	-268	113	-22	
-644	-108	16788	-278	94	-36	
-516	-124	16712	-273	87	-63	
-668	-84	16628	-248	87	-19	
-732	-232	16548	-282	97	-63	
-632	-244	16912	-289	108	-72	
-652	-296	16764	-282	81	-57	
-644	-236	16924	-279	92	-56	
-632	-180	16660	-273	86	-47	
-708	-156	16856	-264	75	-40	
-652	-136	16768	-231	83	-41	
-624	-148	16708	-261	79	-34	
-692	-100	16764	-283	98	-53	
-644	-80	16692	-277	99	-64	
-664	-76	16768	-275	76	-62	
-764	-76	16636	-306	94	-50	
-688	-72	16620	-284	85	-57	
-740	-160	16836	-314	80	-42	
-604	-200	16736	-285	85	-42	
-704	-256	16808	-280	58	-33	
-684	-212	16824	-288	63	-47	
-640	-100	16720	-270	80	-65	
-640	-204	16644	-254	74	-60	
-620	-140	16628	-247	93	-57	
-556	-108	16612	-267	87	-67	
-592	-96	16692	-262	104	-55	
-528	-180	16728	-271	94	-50	
-644	-236	16828	-295	116	-27	
-784	-224	16656	-301	71	-56	
-712	-216	16816	-294	85	-55	
-724	-200	16680	-274	67	-53	
-656	-276	16828	-282	75	-73	
-656	-116	16804	-263	64	-48	
-632	-76	16732	-269	78	-41	
-732	-160	16732	-241	101	-29	
-748	-56	16636	-253	96	-51	
-672	-44	16692	-278	48	-63	
-696	-160	16740	-266	99	-62	
-728	-192	16660	-289	89	-50	
-628	-156	16640	-274	76	-60	
-592	-136	16784	-265	51	-42	
-712	-244	16732	-303	79	-76	
-656	-216	16632	-297	82	-55	
-620	-212	16784	-262	89	-55	
-692	-200	16624	-260	66	-59	
-616	-20	16796	-246	66	-48	
-588	-112	16572	-258	105	-34	
-580	-116	16772	-287	94	-48	
-620	-124	16928	-279	85	-68	
-712	-156	16836	-271	78	-64	
-584	-188	16816	-277	105	-55	
-648	-192	16844	-306	82	-65	
-704	-292	16824	-275	88	-53	
-628	-188	16708	-286	97	-56	
-656	-184	16668	-263	74	-56	
-636	-108	16708	-270	53	-64	
-616	-156	16768	-246	98	-64	
-608	-136	16556	-246	90	-62	
-668	-120	16800	-239	90	-62	
-676	-192	16756	-267	95	-56	
-680	-224	16652	-278	99	-52	
-544	-152	16732	-306	73	-68	
-588	-128	16816	-280	74	-42	
-584	-260	16556	-287	57	-44	
-612	-252	16660	-288	76	-53	
-632	-140	16664	-314	73	-60	
-640	-144	16580	-261	82	-21	
-660	-248	16764	-264	85	-57	
-648	-184	16636	-262	81	-50	
-596	-216	16704	-247	80	-50	
-704	-60	16656	-260	104	-62	
-656	-188	16732	-290	67	-35	
-680	-240	16732	-281	79	-63	
-704	-160	16664	-280	109	-49	
-692	-188	16768	-288	92	-49	
-716	-188	16720	-294	78	-67	
-676	-76	16652	-278	78	-56	
-692	-144	16640	-265	71	-33	
-768	-104	16680	-269	78	-38	
-716	-44	16652	-245	83	-45	
-584	-116	16776	-273	69	-62	
-716	-88	16724	-245	76	-72	
-556	-144	16644	-285	99	-71	
-580	-76	16700	-280	108	-54	
-572	-156	16788	-298	78	-46	
-604	-260	16696	-293	59	-53	
-704	-136	16740	-278	69	-45	
-672	-148	16780	-276	86	-44	
-736	-112	16588	-275	83	-64	
-740	-204	16676	-285	78	-41	
-680	-140	16844	-264	73	-52	
-640	-212	16752	-259	94	-49	
-580	-228	16536	-281	89	-73	
-620	-184	16724	-275	65	-54	
-660	-128	16776	-267	111	-77	
-628	-112	16644	-299	60	-57	
-764	-204	16640	-289	84	-65	
-716	-124	16876	-266	80	-60	
-652	-188	16816	-296	73	-58	
-636	-172	16756	-274	89	-44	
-608	-156	16660	-286	89	-60	
-604	-152	16720	-296	100	-72	
-612	-168	16804	-253	97	-45	
-612	-192	16788	-267	63	-56	
-624	-184	16760	-281	76	-77	
-632	-204	16808	-266	88	-43	
-696	-160	16788	-284	81	-39	
-644	-84	16772	-300	90	-47	
-680	-172	16716	-269	69	-57	
-620	-128	16772	-268	91	-67	
-604	-228	16632	-255	86	-58	
-572	-116	16692	-293	88	-42	
-640	-136	16540	-258	91	-45	
-744	-200	16840	-269	81	-53	
-692	-128	16752	-271	90	-51	
-636	-172	16616	-288	90	-51	
-720	-112	16728	-258	63	-48	
-656	-220	16804	-290	86	-62	
-648	-172	16648	-296	96	-55	
-628	-244	16712	-283	70	-62	
-720	-88	16748	-289	90	-26	
-664	-116	16740	-261	87	-50	
-720	-244	16776	-288	75	-36	
-704	-172	16740	-263	69	-79	
-716	-104	16720	-260	81	-51	
-600	-32	16816	-247	93	-60	
-608	-156	16580	-276	97	-47	
-712	-212	16664	-260	94	-71	
-656	-204	16536	-278	56	-47	
-748	-100	16800	-279	77	-40	
-660	-248	16512	-300	57	-71	
-632	-176	16508	-277	99	-53	
-512	-144	16696	-272	66	-48	
-608	-160	16672	-281	92	-51	
-684	-176	16732	-268	87	-31	
-608	-180	16588	-266	88	-50	
-640	-48	16660	-260	94	-63	
-680	-156	16636	-257	90	-63	
-592	-188	16604	-295	84	-45	
-560	-192	16824	-282	87	-61	
-732	-212	16736	-279	99	-50	
-604	-224	16736	-260	88	-57	
-720	-172	16848	-282	98	-31	
-608	-204	16924	-280	76	-23	
-704	-228	16680	-278	63	-49	
-584	-212	16768	-260	78	-59	
-652	-92	16720	-259	77	-10	
-636	-272	16832	-268	94	-57	
-636	-268	16724	-289	74	-56	
-684	-208	16756	-278	95	-39	
-708	-180	16748	-295	96	-63	
-676	-168	16720	-282	59	-45	
-668	-124	16792	-285	123	-60	
-692	-80	16760	-277	85	-49	
-732	-204	16704	-282	108	-45	
-656	-112	16604	-282	72	-50	
-688	-116	16624	-262	106	-54	
-624	-136	16716	-264	90	-68	
-708	-124	16704	-276	73	-51	
-624	-24	16640	-283	85	-28	
-612	-128	16836	-288	64	-46	
-632	-148	16760	-248	90	-55	
-604	-200	16544	-269	65	-61	
-744	-188	16628	-286	81	-48	
-620	-120	16636	-297	96	-72	
-636	-256	16832	-269	76	-52	
-640	-124	16612	-259	73	-61	
-684	-168	16752	-265	90	-61	
-660	-148	16796	-261	82	-61	
-676	-144	16876	-280	95	-55	
-580	-208	16760	-271	91	-47	
-652	-68	16680	-284	88	-47	
-676	-136	16728	-272	80	-50	
-652	-228	16700	-277	61	-51	
-716	-152	16748	-269	63	-50	
-660	-180	16688	-279	90	-64	
-660	-144	16740	-287	111	-62	
-620	-156	16768	-270	63	-66	
-712	-88	16768	-299	88	-65	
-688	-188	16740	-263	79	-54	
-576	-128	16780	-292	86	-50	
-568	-156	16612	-289	56	-43	
-664	-144	16680	-272	94	-64	
-524	-172	16920	-284	91	-63	
-604	-100	16704	-261	81	-47	
-608	-192	16700	-283	52	-37	
-604	-172	16716	-284	82	-84	
-744	-204	16664	-279	69	-36	
-620	-280	16672	-265	56	-55	
-664	-148	16740	-267	39	-52	
-616	-144	16580	-273	63	-66	
-584	-140	16736	-274	69	-30	
-748	-160	16440	-277	89	-60	
-588	-132	16732	-271	91	-53	
-624	-216	16788	-275	87	-36	
-628	-216	16700	-278	90	-44	
-672	-208	16732	-266	108	-50	
-652	-60	16708	-292	98	-55	
-616	-172	16764	-266	105	-72	
-648	-152	16692	-258	91	-48	
-652	-120	16856	-277	74	-53	
-748	-104	16676	-263	78	-65	
-600	-76	16560	-270	81	-58	
-664	-160	16692	-292	94	-54	
-632	-176	16784	-273	73	-59	
-612	-148	16680	-273	93	-82	
-636	-200	16704	-284	88	-62	
-576	-200	16704	-263	85	-32	
-644	-156	16692	-278	68	-56	
-772	-188	16592	-273	108	-61	
-640	-164	16592	-288	74	-38	
-684	-128	16496	-288	92	-56	
-628	-244	16640	-283	72	-38	
-640	-144	16656	-268	95	-70	
-588	-136	16596	-283	84	-42	
-684	-200	16756	-263	76	-52	
-664	-144	16744	-275	73	-56	
-648	-192	16720	-274	97	-58	
-608	-188	16876	-274	87	-53	
-728	-156	16792	-277	94	-60	
-684	-136	16496	-273	84	-57	
-700	-196	16700	-264	92	-62	
-740	-172	16744	-280	75	-64	
-644	-144	16648	-292	79	-49	
-600	-140	16632	-266	107	-63	
-652	-120	16748	-266	93	-69	
-712	-184	16660	-269	93	-80	
-648	-72	16792	-273	93	-49	
-632	-264	16656	-273	95	-47	
-576	-196	16712	-266	57	-64	
-656	-60	16616	-270	98	-48	
-764	-172	16820	-270	79	-64	
-668	-164	16644	-262	83	-49	
-632	-244	16724	-292	103	-52	
-676	-188	16628	-257	88	-71	
-608	-152	16728	-281	77	-55	
-712	-72	16724	-279	77	-39	
-604	-100	16780	-271	76	-56	
-740	-196	16764	-259	78	-31	
-616	-80	16748	-291	109	-39	
-676	-244	16700	-295	74	-52	
-648	-252	16644	-282	77	-57	
-660	-268	16752	-282	97	-28	
-548	-136	16800	-286	70	-60	
-640	-136	16856	-290	83	-44	
-748	-172	16732	-264	95	-44	
-624	-20	16584	-270	77	-52	
-592	-112	16724	-284	92	-62	
-732	-144	16924	-253	74	-41	
-748	-172	16816	-259	93	-58	
-568	-104	16716	-274	80	-60	
-624	-224	16688	-277	95	-32	
-676	-156	16612	-268	85	-24	
-616	-92	16724	-260	105	-55	
-624	-144	16728	-271	47	-43	
-716	-236	16756	-287	72	-47	
-668	-180	16776	-271	95	-41	
-592	-204	16736	-263	80	-38	
-612	-192	16756	-273	83	-67	
-624	-144	16672	-275	103	-57	
-672	-116	16752	-264	80	-70	
-636	-184	16808	-252	80	-40	
-664	-136	16924	-278	81	-52	
-676	-124	16696	-280	99	-40	
-636	-188	16700	-277	98	-39	
-692	-168	16760	-278	94	-51	
-556	-164	16688	-265	53	-40	
-600	-108	16648	-295	61	-63	
-612	-136	16756	-268	91	-39	
-572	-76	16556	-268	78	-57	
-712	-112	16576	-269	101	-55	
-668	-160	16580	-281	89	-50	
-680	-184	16828	-297	70	-51	
-616	-236	16584	-265	110	-43	
-684	-96	16788	-275	80	-65	
-648	-244	16880	-281	75	-61	
-724	-224	16760	-283	75	-44	
-736	-208	16788	-265	118	-61	
-696	-112	16748	-280	116	-43	
-652	-96	16672	-284	85	-45	
-616	-276	16740	-268	80	-48	
-556	-48	16680	-277	89	-53	
-536	-156	16708	-261	86	-47	
-696	-152	16696	-281	72	-62	
-748	-172	16720	-284	91	-58	
-720	-196	16572	-272	94	-48	
-744	-168	16588	-270	89	-59	
-612	-200	16812	-268	83	-86	
-604	-56	16516	-269	83	-52	
-676	-212	16808	-280	100	-63	
-712	-184	16856	-290	65	-66	
-560	-124	16852	-272	79	-72	
-624	-32	16608	-251	87	-36	
-620	-208	16796	-272	80	-56	
-720	-188	16760	-281	109	-45	
-612	-200	16576	-267	88	-40	
-592	-176	16732	-255	62	-40	
-608	-172	16724	-277	75	-58	
-636	-216	16724	-292	83	-56	
-628	-180	16644	-278	78	-20	
-608	-140	16736	-280	93	-48	
-600	-204	16664	-247	76	-50	
-580	-224	16660	-269	81	-60	
-696	-168	16664	-273	108	-47	
-624	-256	16736	-273	73	-63	
-688	-148	16684	-270	91	-53	
-636	-160	16612	-287	80	-66	
-732	-180	16648	-256	91	-68	
-680	-188	16680	-289	59	-42	
-752	-228	16708	-284	72	-57	
-672	-156	16556	-274	77	-72	
-688	-148	16692	-263	84	-57	
-604	-212	16696	-285	79	-66	
-644	-112	16768	-282	91	-55	
-588	-112	16804	-283	77	-53	
-544	-88	16692	-285	68	-59	
-620	-176	16688	-290	103	-54	
-632	-124	16704	-301	117	-42	
-620	-208	16828	-250	84	-62	
-648	-132	16736	-254	62	-36	
-648	-188	16552	-293	96	-67	
-656	-100	16712	-284	65	-45	
-652	-228	16712	-259	88	-74	
-700	-96	16736	-286	73	-54	
-752	-140	16724	-230	79	-44	
-636	-232	16628	-284	89	-57	
-616	-232	16628	-285	79	-41	
-636	-236	16740	-293	107	-64	
-676	-156	16676	-288	84	-57	
-648	-108	16596	-282	84	-63	
-628	-196	16660	-269	43	-23	
-700	-228	16596	-273	52	-49	
-692	-144	16548	-278	109	-55	
-552	-96	16816	-283	115	-49	
-616	-128	16740	-265	104	-60	
-676	-216	16776	-251	97	-51	
-700	-172	16720	-263	88	-63	
-712	-216	16524	-295	100	-51	
-640	-252	16812	-259	95	-60	
-600	-208	16720	-282	87	-36	
-608	-168	16812	-298	97	-63	
-652	-148	16728	-303	51	-57	
-696	-200	16644	-276	67	-52	
-640	-176	16664	-285	87	-68	
-596	-180	16712	-286	80	-36	
-664	-152	16868	-267	92	-50	
-732	-216	16728	-267	105	-38	
-684	-140	16908	-271	111	-53	
-668	-96	16664	-262	62	-65	
-652	-108	16792	-258	83	-39	
-656	-300	16660	-286	65	-62	
-680	-212	16788	-289	122	-65	
-648	-164	16676	-270	83	-43	
-640	-172	16700	-257	85	-54	
-740	-260	16692	-281	110	-54	
-580	-180	16724	-279	94	-62	
-532	-188	16908	-284	128	-73	
-684	-140	16752	-278	100	-30	
-712	-196	16832	-243	29	-76	
-660	-228	16748	-283	84	-61	
-616	-64	16848	-272	91	-25	
-644	-148	16556	-285	97	-42	
-704	-248	16880	-269	70	-29	
-740	-140	16776	-261	131	-32	
-612	-124	16912	-289	119	-33	
-756	-252	16700	-295	39	-40	
-728	-120	16784	-267	104	-33	
-588	-216	16812	-267	64	-27	
-668	-164	16752	-279	109	-38	
-784	-184	16872	-283	51	-49	
-692	-208	16580	-237	77	-41	
-576	-196	16572	-286	106	-46	
-700	-92	16804	-264	61	-65	
-652	-96	16716	-287	129	-53	
-652	-164	16784	-268	81	-64	
-628	-152	16668	-263	80	-37	
-680	-152	16760	-291	45	-48	
-620	-152	16620	-238	125	-42	
-668	-220	16692	-264	58	-52	
-656	-76	16808	-262	92	-45	
-776	-104	16728	-299	97	-39	
-636	-180	16564	-290	71	-36	
-668	-172	16708	-272	91	-34	
-624	-152	16500	-250	101	-46	
-752	-128	16676	-246	91	-42	
-628	-116	16788	-293	137	-81	
-832	-160	16688	-275	75	-61	
-680	-132	16644	-284	83	-81	
-636	-140	16616	-287	75	-86	
-684	-200	16708	-272	107	-71	
-560	-268	16712	-263	83	-44	
-704	-156	16620	-270	83	-38	
-656	-160	16656	-258	105	-64	
-680	-184	16664	-269	92	-47	
-652	-180	16724	-268	92	-59	
-632	-280	16712	-293	82	-34	
-600	-244	16740	-287	74	-62	
-756	-268	16624	-286	90	-57	
-680	-84	16688	-279	86	-41	
-608	-176	16772	-269	91	-56	
-636	-136	16560	-264	71	-49	
-604	-80	16660	-287	82	-47	
-696	-124	16632	-265	82	-39	
-616	-216	16740	-266	95	-62	
-688	-212	16812	-299	70	-36	
-720	-52	16668	-282	86	-56	
-744	-220	16588	-265	79	-61	
-580	-248	16748	-261	90	-20	
-652	-172	16644	-283	90	-32	
-688	-232	16768	-278	80	-57	
-688	-96	16712	-262	80	-62	
-540	-116	16852	-288	92	-37	
-592	-208	16700	-244	92	-32	
-608	-8	16716	-280	68	-76	
-592	-88	16736	-267	104	-37	
-684	-172	16680	-292	99	-69	
-696	-128	16884	-268	100	-52	
-660	-140	16780	-266	87	-55	
-632	-168	16804	-304	63	-74	
-652	-172	16644	-281	94	-63	
-672	-196	16644	-263	31	-49	
-712	-100	16700	-279	61	-85	
-688	-80	16540	-279	76	-52	
-568	-212	16668	-282	100	-56	
-640	-116	16644	-285	81	-34	
-616	-144	16608	-277	117	-62	
-656	-176	16868	-298	97	-56	
-700	-208	16752	-268	91	-40	
-648	-100	16800	-287	87	-48	
-664	-120	16512	-268	115	-70	
-708	-216	16676	-298	105	-75	
-608	-156	16672	-277	65	-42	
-588	-140	16764	-279	82	-65	
-600	-236	16752	-287	76	-68	
-656	-256	16600	-278	92	-50	
-768	-160	16828	-286	104	-78	
-584	-152	16760	-257	71	-44	
-612	-264	16588	-256	89	-49	
-620	-160	16676	-255	94	-59	
-736	-120	16676	-285	79	-50	
-604	-180	16648	-269	65	-50	
-580	-192	16608	-264	87	-54	
-700	-184	16748	-276	80	-44	
-592	-180	16776	-288	76	-79	
-580	-76	16664	-268	69	-46	
-716	-140	16720	-279	80	-53	
-636	-104	16632	-288	68	-40	
-568	-124	16740	-297	98	-69	
-640	-196	16800	-277	99	-46	
-596	-152	16632	-273	73	-91	
-680	-204	16828	-291	85	-41	
-692	-180	16588	-281	52	-41	
-748	-112	16680	-251	88	-54	
-676	-200	16688	-294	83	-61	
-612	-160	16684	-280	73	-75	
-668	-208	16648	-265	84	-52	
-668	-124	16956	-278	75	-69	
-624	-116	16712	-267	50	-41	
-560	-188	16604	-275	86	-52	
-636	-116	16776	-260	88	-75	
-596	-160	16728	-264	87	-69	
-700	-228	16876	-265	96	-34	
-644	-228	16840	-268	82	-81	
-616	-136	16768	-268	94	-40	
-636	-200	16648	-268	81	-51	
-688	-84	16636	-286	78	-63	
-612	-208	16828	-245	94	-49	
-644	-116	16760	-283	88	-50	
-584	-156	16700	-274	104	-52	
-640	-84	16752	-265	94	-44	
-588	-156	16724	-273	88	-76	
-760	-112	16664	-284	103	-42	
-700	-52	16932	-296	70	-82	
-728	-80	16560	-266	73	-60	
-728	-176	16700	-280	72	-62	
-700	-192	16740	-285	94	-62	
-620	-132	16680	-288	93	-45	
-600	-336	16636	-264	103	-36	
-728	-196	16688	-277	83	-47	
-636	-172	16896	-270	69	-56	
-668	-188	16612	-266	85	-31	
-748	-176	16720	-279	84	-59	
-696	-124	16680	-264	76	-42	
-684	-200	16628	-278	91	-62	
-684	-144	16724	-268	82	-52	
-580	-116	16724	-258	93	-60	
-736	-200	16640	-283	86	-55	
-644	-212	16620	-298	104	-59	
-664	-136	16732	-283	85	-64	
-656	-200	16644	-282	79	-57	
-704	-212	16800	-266	63	-72	
-672	-232	16748	-282	69	-66	
-608	-252	16684	-253	97	-42	
-624	-80	16712	-266	88	-75	
-732	-168	16816	-278	73	-66	
-640	-148	16688	-289	75	-52	
-660	-148	16632	-279	96	-57	
-708	-132	16596	-302	104	-44	
-636	-132	16776	-274	75	-51	
-708	-236	16608	-305	98	-65	
-688	-260	16700	-271	99	-52	
-636	-116	16832	-272	77	-51	
-508	-112	16840	-279	76	-73	
-628	-196	16800	-274	73	-64	
-712	-156	16700	-273	92	-42	
-656	-132	16720	-280	65	-62	
-716	-232	16632	-276	89	-78	
-584	-180	16804	-261	106	-75	
-664	-144	16644	-245	105	-45	
-700	-256	16708	-265	84	-26	
-700	-144	16748	-262	93	-56	
-560	-240	16668	-281	77	-69	
-540	-112	16760	-246	106	-62	
-628	-64	16676	-279	112	-64	
-592	-208	16736	-284	58	-38	
-648	-120	16748	-290	86	-53	
-656	-216	16740	-260	75	-60	
-580	-132	16720	-286	80	-72	
-676	-92	16716	-285	86	-36	
-656	-204	16712	-292	94	-60	
-724	-192	16660	-284	76	-33	
-716	-256	16924	-264	97	-53	
-656	-172	16688	-287	80	-51	
-752	-184	16624	-269	102	-50	
-624	-184	16796	-283	89	-41	
-616	-188	16656	-263	100	-61	
-640	-152	16704	-284	96	-63	
-624	-144	16780	-257	79	-71	
-724	-148	16708	-257	95	-44	
-648	-184	16732	-304	81	-46	
-640	-204	16824	-279	111	-42	
-648	-272	16504	-259	111	-83	
-680	-76	16812	-293	40	-36	
-680	-240	16836	-278	116	-80	
-604	-116	16604	-272	105	-65	
-700	-120	16672	-269	74	-57	
-652	-160	16880	-258	98	-61	
-620	-176	16644	-265	60	-68	
-692	-136	16760	-279	69	-53	
-636	-168	16680	-267	81	-52	
-636	-208	16756	-289	89	-72	
-632	-260	16732	-286	71	-69	
-536	-212	16668	-280	71	-48	
-756	-156	16720	-270	74	-33	
-692	-260	16960	-266	100	-61	
-688	-200	16648	-289	89	-19	
-692	-212	16652	-278	90	-59	
-588	-236	16796	-248	94	-58	
-552	-120	16748	-274	87	-51	
-744	-180	16736	-286	99	-64	
-692	-100	16644	-306	84	-66	
-684	-148	16752	-269	95	-65	
-628	-284	16664	-274	81	-52	
-616	-128	16788	-261	95	-61	
-592	-212	16780	-262	87	-35	
-648	-220	16664	-265	79	-37	
-632	-180	16776	-265	90	-46	
-688	-180	16684	-267	80	-71	
-600	-156	16828	-273	92	-18	
-616	-164	16844	-266	100	-47	
-636	-152	16876	-276	73	-67	
-688	-136	16760	-251	100	-56	
-640	-268	16856	-273	92	-38	
-604	-132	16672	-286	97	-47	
-616	-100	16736	-265	96	-46	
-732	-136	16776	-288	97	-45	
-652	-244	16776	-271	66	-56	
-684	-128	16768	-286	97	-49	
-672	-172	16680	-264	65	-61	
-648	-100	16660	-262	90	-44	
-544	-204	16964	-268	96	-49	
-584	-124	16764	-279	85	-49	
-652	-208	16816	-265	94	-40	
-620	-236	16696	-252	114	-53	
-548	-80	16616	-272	80	-33	
-552	-136	16664	-285	66	-59	
-712	-248	16804	-304	86	-43	
-608	-124	16672	-283	95	-56	
-604	-104	16672	-260	80	-74	
-652	-240	16780	-286	87	-53	
-588	-108	16836	-260	77	-49	
-640	-296	16712	-284	95	-46	
-680	-160	16908	-279	62	-37	
-728	-120	16748	-255	98	-69	
-784	-192	16656	-260	100	-52	
-572	-252	16636	-267	85	-55	
-612	-172	16752	-265	69	-25	
-648	-204	16804	-274	58	-53	
-684	-192	16764	-274	88	-71	
-628	-224	16664	-264	82	-80	
-664	-208	16872	-296	88	-69	
-684	-176	16804	-251	92	-42	
-668	-184	16712	-253	72	-64	
-668	-184	16732	-277	94	-41	
-624	-156	16728	-296	118	-74	
-668	-104	16764	-300	82	-46	
-672	-200	16832	-282	83	-75	
-716	-88	16704	-284	91	-48	
-680	-208	16812	-256	74	-43	
-692	-132	16524	-258	95	-61	
-700	-228	16788	-286	69	-51	
-620	-144	16848	-279	106	-53	
-684	-236	16776	-286	86	-46	
-624	-132	16768	-275	80	-77	
-636	-236	16708	-283	109	-49	
-604	-160	16672	-266	80	-60	
-712	-96	16764	-265	62	-46	
-592	-204	16844	-267	91	-74	
-604	-236	16720	-272	104	-39	
-560	-116	16680	-279	87	-64	
-708	-188	16620	-287	101	-51	
-640	-272	16748	-274	74	-40	
-640	-136	16728	-294	81	-66	
-508	-164	16784	-283	90	-52	
-656	-140	16752	-247	79	-61	
-716	-148	16868	-281	85	-66	
-596	-100	16692	-280	78	-52	
-512	-212	16860	-270	87	-64	
-540	-148	16584	-257	80	-51	
-624	-232	16756	-285	63	-57	
-700	-96	16752	-273	79	-50	
-624	-168	16768	-268	107	-50	
-500	-28	16676	-288	85	-53	
-732	-300	16700	-244	76	-66	
-668	-132	16664	-264	104	-53	
-640	-124	16812	-284	88	-57	
-672	-52	16628	-293	106	-62	
-736	-184	16688	-263	89	-52	
-688	-100	16868	-277	66	-56	
-656	-112	16576	-269	86	-59	
-680	-180	16648	-258	104	-56	
-636	-60	16624	-275	95	-50	
-664	-204	16640	-271	98	-58	
-644	-52	16572	-270	94	-35	
-600	-256	16760	-269	58	-35	
-652	-132	16768	-276	93	-45	
-624	-256	16644	-282	83	-59	
-656	-180	16780	-267	80	-55	
-632	-116	16788	-284	109	-57	
-700	-188	16612	-281	78	-70	
-668	-244	16632	-273	96	-45	
-620	-212	16628	-247	88	-43	
-716	-212	16704	-288	81	-31	
-632	-216	16648	-276	75	-49	
-632	-144	16712	-283	69	-60	
-688	-200	16616	-276	72	-54	
-696	-112	16728	-303	77	-34	
-668	-108	16644	-266	84	-59	
-748	-176	16780	-267	95	-47	
-624	-228	16688	-251	97	-63	
-636	-120	16820	-283	96	-56	
-588	-136	16664	-282	71	-61	
-720	-268	16692	-274	85	-48	
-700	-212	16660	-280	84	-34	
-544	-164	16588	-267	81	-29	
-636	-120	16536	-261	66	-55	
-720	-104	16880	-261	64	-65	
-720	-228	16700	-292	97	-52	
-632	-116	16772	-292	75	-70	
-724	-108	16712	-270	85	-81	
-672	-92	16700	-271	104	-55	
-600	-248	16664	-266	93	-57	
-616	-88	16684	-264	72	-41	
-576	-84	16764	-273	73	-66	
-656	-116	16808	-272	72	-81	
-684	-156	16648	-261	74	-90	
-652	-224	16748	-254	81	-63	
-556	-68	16640	-259	73	-42	
-608	-128	16752	-257	82	-36	
-636	-84	16816	-288	77	-53	
-684	-168	16724	-281	94	-32	
-740	-20	16736	-257	66	-46	
-600	-164	16684	-288	90	-65	
-628	-140	16820	-269	82	-72	
-648	-228	16664	-273	95	-62	
-656	-168	16692	-262	69	-49	
-624	-108	16876	-270	83	-54	
-632	-180	16856	-296	73	-60	
-728	-268	16644	-282	75	-66	
-688	-148	16596	-295	68	-55	
-680	-276	16784	-266	91	-24	
-708	-116	16744	-287	80	-61	
-684	-208	16664	-234	87	-28	
-684	-124	16776	-272	130	-49	
-600	-204	16604	-285	94	-70	
-624	-108	16696	-281	110	-49	
-648	-136	16776	-262	80	-70	
-696	-96	16596	-291	102	-63	
-712	-244	16728	-288	96	-47	
-652	-132	16584	-274	103	-63	
-552	-212	16696	-262	72	-55	
-764	-180	16804	-257	71	-45	
-684	-252	16720	-297	114	-22	
-624	-156	16564	-267	81	-66	
-608	-120	16664	-280	102	-32	
-592	-192	16704	-289	74	-28	
-700	-168	16672	-282	79	-71	
-616	-120	16664	-304	103	-51	
-592	-188	16544	-280	101	-64	
-656	-140	16656	-258	76	-54	
-672	-196	16740	-284	88	-65	
-620	-196	16620	-274	98	-61	
-648	-148	16568	-279	91	-68	
-676	-200	16652	-285	82	-52	
-672	-176	16644	-260	86	-59	
-620	-160	16768	-276	76	-55	
-620	-196	16664	-278	103	-65	
-616	-156	16712	-270	69	-69	
-556	-220	16700	-253	81	-56	
-588	-196	16848	-280	91	-57	
-640	-188	16680	-276	80	-55	
-640	-216	16784	-280	76	-61	
-636	-232	16556	-292	94	-41	
-636	-116	16816	-269	80	-48	
-684	-232	16696	-262	82	-53	
-704	-232	16732	-270	104	-84	
-644	-168	16764	-267	72	-34	
-676	-116	16712	-242	85	-47	
-616	-284	16736	-260	95	-60	
-632	-204	16808	-253	80	-38	
-644	-104	16624	-277	102	-59	
-616	-116	16828	-281	109	-48	
-608	-128	16732	-274	84	-55	
-632	-232	16644	-271	77	-55	
-588	-156	16700	-274	76	-82	
-656	-116	16700	-296	84	-50	
-652	-224	16824	-278	97	-32	
-660	-140	16604	-271	97	-62	
-624	-128	16692	-277	52	-54	
-604	-64	16676	-269	59	-60	
-568	-152	16740	-261	87	-65	
-596	-204	16736	-265	70	-58	
-488	-136	16684	-254	72	-77	
-688	-188	16696	-269	71	-45	
-684	-260	16808	-277	67	-61	
-712	-132	16676	-287	89	-44	
-604	-212	16700	-283	94	-70	
-568	-228	16760	-278	76	-59	
-600	-284	16892	-264	78	-58	
-684	-184	16840	-271	93	-71	
-660	-168	16624	-270	92	-77	
-552	-188	16700	-287	97	-57	
-708	-144	16680	-263	80	-70	
-704	-164	16748	-254	108	-53	
-608	-200	16640	-271	102	-45	
-700	-84	16736	-291	71	-46	
-612	-196	16740	-281	70	-77	
-588	-124	16712	-268	115	-58	
-620	-192	16712	-273	82	-57	
-572	-144	16676	-272	78	-71	
-720	-88	16684	-269	105	-48	
-648	-20	16884	-262	84	-67	
-704	-140	16576	-276	88	-55	
-716	-176	16812	-278	93	-58	
-624	-196	16668	-283	112	-37	
-672	-180	16748	-273	91	-53	
-664	-124	16608	-271	79	-65	
-648	-136	16804	-271	93	-49	
-664	-136	16772	-242	111	-80	
-648	-216	16744	-285	94	-40	
-672	-124	16760	-287	66	-45	
-648	-120	16748	-270	58	-49	
-576	-124	16680	-269	79	-63	
-608	-224	16856	-280	84	-67	
-576	-172	16444	-265	82	-46	
-604	-160	16792	-273	76	-71	
-656	-204	16756	-260	97	-50	
-732	-164	16632	-267	81	-67	
-656	-212	16616	-277	92	-45	
-632	-156	16796	-279	100	-39	
-584	-140	16688	-277	98	-55	
-688	-112	16540	-272	70	-60	
-712	-56	16768	-277	98	-61	
-700	-136	16664	-298	69	-42	
-640	-136	16660	-275	82	-53	
-652	-120	16660	-287	96	-48	
-692	-128	16804	-281	108	-47	
-616	-168	16868	-287	59	-30	
-732	-148	16720	-266	92	-62	
-564	-288	16776	-271	95	-34	
-576	-144	16668	-282	79	-59	
-692	-192	16644	-258	95	-70	
-540	-164	16708	-276	73	-60	
-716	-132	16748	-282	99	-43	
-644	-120	16608	-278	99	-56	
-568	-168	16668	-280	93	-61	
-640	-148	16824	-271	95	-60	
-592	-184	16692	-272	96	-45	
-612	-252	16636	-272	81	-50	
-652	-168	16640	-296	107	-57	
-696	-128	16788	-281	100	-60	
-652	-172	16656	-265	79	-66	
-668	-180	16648	-272	88	-43	
-704	-164	16620	-276	86	-59	
-712	-184	16612	-277	81	-76	
-664	-148	16740	-271	85	-46	
-588	-128	16664	-256	84	-33	
-656	-164	16816	-277	77	-35	
-620	-92	16748	-254	83	-44	
-712	-196	16816	-287	58	-30	
-692	-228	16640	-277	94	-57	
-692	-172	16888	-284	66	-71	
-648	-164	16580	-256	80	-42	
-688	-144	16684	-264	81	-50	
-564	-124	16760	-263	84	-42	
-704	-128	16760	-247	80	-63	
-640	-160	16652	-268	91	-63	
-700	-100	16680	-277	103	-36	
-656	-144	16808	-283	65	-18	
-636	-124	16740	-280	59	-34	
-712	-172	16592	-254	100	-65	
-696	-256	16724	-264	74	-16	
-616	-220	16656	-304	69	-63	
-584	-168	16636	-274	62	-45	
-632	-192	16684	-284	77	-59	
-600	-264	16812	-282	120	-50	
-600	-164	16608	-251	76	-53	
-696	-228	16720	-278	85	-58	
-512	-176	16880	-297	80	-73	
-632	-136	16740	-265	86	-40	
-584	-236	16784	-256	77	-60	
-652	-224	16876	-288	71	-62	
-680	-164	16768	-280	96	-51	
-644	-168	16728	-281	77	-70	
-668	-172	16644	-263	84	-70	
-640	-188	16648	-287	98	-62	
-628	-164	16732	-275	96	-66	
-728	-252	16644	-271	75	-39	
-640	-128	16868	-278	70	-54	
-572	-68	16788	-281	92	-64	
-608	-72	16732	-287	75	-52	
-692	-260	16680	-268	83	-57	
-700	-104	16800	-251	77	-30	
-692	-144	16748	-270	85	-64	
-644	-88	16620	-289	74	-48	
-712	-200	16668	-264	58	-63	
-700	-188	16760	-271	95	-57	
-708	-172	16664	-266	82	-66	
-688	-136	16600	-263	91	-25	
-640	-256	16688	-278	84	-23	
-596	-132	16772	-272	85	-54	
-536	-284	16720	-274	83	-63	
-572	-252	16784	-277	89	-40	
-604	-172	16764	-266	61	-39	
-584	-236	16640	-279	91	-53	
-632	-248	16708	-286	96	-68	
-604	-204	16816	-269	91	-35	
-660	-128	16716	-274	54	-43	
-556	-208	16804	-277	73	-79	
-656	-188	16716	-280	91	-55	
-648	-136	16516	-287	92	-56	
-624	-176	16672	-270	87	-41	
-612	-156	16616	-280	109	-51	
-720	-180	16808	-273	95	-42	
-692	-64	16684	-267	81	-48	
-688	-168	16604	-258	77	-52	
-660	-196	16752	-283	93	-58	
-728	-52	16792	-273	72	-62	
-752	-192	16764	-300	86	-46	
-716	-188	16824	-286	94	-59	
-656	-212	16668	-284	89	-41	
-532	-216	16676	-269	79	-52	
-520	-244	16740	-273	96	-53	
-656	-148	16768	-267	95	-37	
-684	-188	16692	-271	81	-52	
-624	-144	16676	-284	86	-43	
-624	-216	16688	-268	95	-44	
-604	-132	16736	-266	82	-62	
-680	-136	16836	-273	107	-48	
-636	-160	16720	-266	49	-58	
-624	-160	16652	-290	85	-65	
-680	-200	16728	-278	99	-64	
-668	-184	16788	-272	86	-60	
-588	-212	16740	-261	80	-30	
-652	-260	16620	-273	76	-78	
-712	-188	16644	-278	64	-70	
-696	-272	16668	-286	83	-55	
-732	-156	16676	-250	87	-70	
-644	-228	16760	-263	76	-46	
-632	-136	16648	-265	69	-37	
-596	-112	16920	-284	80	-78	
-692	-216	16764	-292	93	-52	
-680	-100	16704	-257	59	-40	
-712	-228	16688	-283	84	-70	
-568	-132	16804	-259	80	-49	
-640	-252	16684	-262	114	-53	
-652	-136	16700	-273	97	-66	
-584	-252	16772	-290	94	-60	
-624	-84	16808	-264	74	-58	
-600	-88	16648	-267	109	-41	
-640	-96	16780	-291	70	-16	
-608	-224	16692	-280	96	-39	
-760	-140	16888	-290	90	-50	
-704	-184	16748	-262	91	-59	
-652	-88	16824	-275	88	-39	
-692	-160	16776	-291	90	-56	
-628	-184	16624	-286	91	-56	
-680	-72	16780	-277	99	-60	
-668	-152	16668	-263	89	-42	
-488	-156	16696	-279	76	-48	
-624	-156	16660	-269	90	-37	
-592	-92	16552	-277	84	-52	
-672	-244	16692	-287	94	-59	
-556	-256	16764	-281	78	-70	
-596	-216	16700	-295	98	-69	
-648	-168	16776	-289	79	-80	
-520	-220	16900	-260	91	-59	
-736	-208	16736	-291	99	-49	
-624	-236	16692	-272	64	-75	
-692	-132	16768	-247	77	-71	
-620	-244	16832	-283	75	-42	
-704	-104	16744	-284	82	-44	
-532	-304	16544	-263	64	-55	
-612	-100	16728	-252	95	-35	
-664	-172	16616	-274	98	-26	
-636	-228	16760	-257	88	-53	
-692	-172	16728	-260	84	-65	
-632	-172	16768	-266	72	-43	
-672	-112	16636	-273	70	-54	
-560	-232	16756	-296	61	-50	
-604	-236	16604	-280	101	-42	
-600	-84	16680	-285	75	-35	
-584	-176	16640	-273	82	-54	
-588	-148	16720	-283	94	-62	
-556	-228	16672	-282	97	-51	
-692	-180	16640	-283	83	-51	
-668	-232	16692	-279	64	-68	
-676	-144	16684	-261	88	-48	
-596	-236	16692	-247	80	-58	
-632	-272	16768	-270	106	-42	
-712	-108	16760	-263	105	-49	
-704	-212	16816	-262	96	-53	
-600	-156	16724	-261	87	-46	
-704	-76	16828	-278	92	-52	
-676	-228	16620	-290	100	-65	
-688	-212	16836	-292	84	-65	
-684	-260	16748	-290	47	-44	
-716	-156	16764	-281	94	-66	
-624	-284	16756	-275	83	-50	
-636	-224	16688	-290	87	-40	
-640	-116	16708	-291	84	-36	
-484	-128	16720	-285	86	-49	
-720	-276	16700	-277	67	-87	
-608	-196	16700	-264	91	-54	
-632	-216	16756	-279	99	-60	
-584	-200	16716	-267	80	-49	
-608	-196	16704	-264	100	-70	
-636	-172	16700	-280	77	-70	
-644	-104	16804	-277	71	-20	
-564	-68	16700	-259	96	-40	
-668	-172	16780	-264	69	-70	
-712	-108	16832	-275	110	-48	
-592	-112	16868	-275	71	-57	
-696	-168	16796	-267	81	-71	
-648	-252	16780	-270	92	-76	
-612	-224	16552	-258	99	-58	
-668	-128	16608	-285	72	-53	
-672	-152	16864	-286	105	-52	
-696	-164	16484	-268	112	-60	
-664	-160	16632	-296	75	-80	
-616	-260	16572	-275	68	-51	
-640	-124	16640	-273	77	-50	
-572	-204	16652	-289	70	-40	
-524	-200	16908	-274	89	-64	
-512	-196	16652	-251	85	-30	
-680	-224	16756	-248	85	-56	
-572	-148	16828	-260	91	-28	
-568	-180	16644	-268	96	-56	
-596	-160	16604	-272	82	-70	
-600	-208	16672	-260	95	-34	
-508	-188	16816	-262	81	-58	
-636	-116	16648	-272	81	-75	
-768	-112	16664	-294	96	-56	
-648	-228	16836	-260	97	-64	
-600	-124	16616	-264	108	-38	
-652	-132	16660	-250	92	-60	
-684	-116	16712	-271	90	-58	
-680	-120	16868	-282	85	-64	
-680	-144	16688	-280	89	-60	
-628	-240	16760	-306	91	-47	
-632	-12	16736	-284	83	-32	
-688	-144	16748	-285	79	-62	
-756	-112	16896	-306	54	-66	
-704	-116	16668	-296	82	-69	
-688	-180	16660	-261	76	-53	
-648	-176	16760	-272	72	-60	
-428	-112	16764	-256	86	-54	
-576	-152	16736	-264	100	-65	
-600	-300	16612	-252	61	-75	
-552	-112	16668	-282	101	-53	
-520	-128	16636	-263	90	-47	
-532	-200	16696	-273	114	-53	
-700	-208	16700	-268	82	-54	
-492	-196	16784	-282	102	-56	
-736	-184	16656	-286	94	-36	
-632	-256	16624	-264	87	-61	
-648	-132	16832	-279	100	-41	
-620	-36	16748	-245	108	-56	
-680	-188	16748	-272	92	-61	
-800	-72	16588	-266	94	-45	
-708	-64	16636	-265	70	-50	
-836	-4	16804	-291	93	-55	
-752	-136	16724	-307	72	-56	
-692	-108	16728	-271	112	-20	
-676	-148	16724	-265	63	-34	
-768	-224	16812	-281	75	-80	
-716	-204	16876	-283	64	-74	
-620	-172	16640	-280	60	-37	
-612	-204	16732	-269	81	-37	
-620	-248	16772	-241	54	-56	
-460	-200	16732	-272	75	-49	
-436	-144	16592	-273	76	-45	
-476	-132	16740	-289	86	-45	
-492	-272	16796	-281	100	-77	
-592	-212	16736	-287	78	-58	
-468	-324	16644	-273	78	-54	
-644	-216	16732	-284	94	-51	
-656	-212	16816	-258	110	-56	
-696	-120	16632	-259	93	-61	
-720	-180	16712	-242	102	-42	
-724	-92	16684	-273	86	-49	
-808	-68	16776	-283	92	-58	
-768	-128	16680	-306	109	-85	
-808	-40	16696	-278	91	-80	
-772	-60	16728	-309	86	-38	
-756	-180	16728	-287	65	-68	
-676	-228	16600	-294	79	-26	
-660	-228	16624	-286	85	-53	
-664	-188	16628	-289	98	-66	
-552	-200	16728	-276	69	-42	
-608	-252	16740	-266	60	-45	
-500	-192	16760	-267	106	-71	
-612	-236	16832	-266	106	-64	
-504	-200	16780	-266	81	-63	
-588	-236	16716	-250	79	-56	
-680	-256	16828	-273	103	-66	
-560	-164	16612	-278	92	-60	
-588	-292	16664	-274	109	-63	
-656	-128	16628	-269	93	-22	
-624	-192	16716	-272	102	-56	
-724	-8	16788	-286	86	-49	
-888	-104	16816	-262	81	-66	
-716	-128	16672	-244	73	-51	
-756	-96	16772	-270	76	-57	
-680	-104	16732	-273	94	-74	
-756	-252	16580	-269	80	-45	
-720	-196	16660	-288	74	-49	
-640	-156	16788	-272	81	-39	
-580	-176	16800	-277	100	-46	
-640	-164	16696	-297	77	-38	
-560	-248	16784	-281	95	-54	
-512	-184	16788	-271	55	-40	
-592	-236	16720	-258	105	-45	
-572	-264	16756	-273	88	-50	
-612	-32	16612	-291	123	-50	
-504	-196	16576	-260	85	-73	
-536	-256	16640	-265	65	-56	
-668	-204	16612	-256	98	-34	
-656	-196	16732	-289	85	-63	
-616	-104	16900	-276	72	-51	
-628	-132	16640	-287	95	-70	
-752	-88	16768	-279	100	-66	
-796	-160	16780	-281	99	-54	
-776	-164	16684	-286	86	-41	
-792	-172	16760	-277	72	-58	
-752	-44	16644	-275	83	-73	
-712	-236	16604	-275	87	-59	
-788	-80	16720	-293	87	-55	
-604	-152	16624	-300	103	-44	
-588	-280	16576	-278	91	-50	
-740	-188	16692	-282	76	-76	
-620	-204	16588	-301	78	-52	
-664	-180	16664	-303	104	-32	
-548	-204	16576	-269	81	-59	
-584	-216	16744	-277	94	-42	
-564	-244	16588	-277	92	-65	
-584	-56	16676	-261	100	-75	
-688	-180	16756	-250	85	-25	
-608	-128	16752	-278	103	-63	
-612	-136	16640	-285	70	-64	
-688	-168	16640	-266	106	-29	
-604	-120	16608	-267	98	-51	
-640	-100	16664	-267	81	-55	
-772	-120	16756	-263	84	-60	
-700	-188	16768	-284	87	-50	
-708	-124	16712	-267	82	-53	
-740	-128	16676	-262	87	-49	
-664	-176	16784	-268	78	-59	
-712	-132	16684	-264	103	-62	
-672	-96	16760	-276	77	-48	
-616	-116	16708	-278	93	-56	
-696	-200	16564	-263	98	-80	
-664	-180	16696	-280	76	-61	
-564	-228	16672	-296	88	-46	
-576	-268	16672	-277	57	-60	
-532	-224	16640	-273	67	-38	
-572	-172	16672	-268	110	-71	
-556	-272	16720	-260	83	-46	
-672	-208	16664	-286	82	-37	
-568	-188	16704	-267	109	-38	
-612	-164	16784	-253	91	-36	
-676	-84	16580	-278	105	-59	
-724	-112	16780	-269	95	-55	
-692	-152	16668	-272	111	-45	
-752	-100	16768	-271	105	-39	
-700	-140	16764	-282	88	-74	
-756	-72	16700	-272	77	-54	
-692	-32	16628	-259	88	-47	
-704	-120	16836	-267	82	-41	
-632	-72	16732	-257	81	-48	
-628	-116	16772	-244	80	-45	
-684	-144	16716	-282	51	-46	
-712	-188	16796	-291	78	-51	
-596	-228	16716	-278	76	-52	
-616	-248	16696	-269	94	-49	
-656	-232	16692	-267	89	-59	
-556	-128	16792	-273	74	-54	
-536	-196	16660	-283	68	-65	
-492	-204	16728	-282	126	-60	
-528	-128	16780	-269	99	-44	
-608	-244	16704	-312	76	-49	
-664	-124	16632	-250	138	-37	
-564	-156	16916	-277	119	-81	
-724	-132	16656	-295	86	-42	
-668	-180	16636	-297	117	-47	
-692	-224	16780	-264	76	-56	
-736	-92	16720	-290	99	-48	
-732	-92	16692	-295	43	-67	
-700	-116	16732	-287	81	-42	
-752	-176	16636	-262	44	-25	
-612	-180	16656	-289	75	-46	
-740	-132	16724	-267	101	-21	
-624	-184	16808	-283	100	-54	
-672	-132	16820	-271	42	-58	
-632	-200	16648	-283	111	-73	
-636	-196	16708	-289	63	-70	
-560	-208	16856	-279	75	-59	
-568	-216	16656	-264	97	-45	
-616	-220	16640	-310	80	-58	
-528	-88	16672	-268	96	-49	
-632	-284	16680	-292	57	-37	
-572	-88	16744	-261	96	-57	
-636	-240	16772	-265	106	-60	
-644	-108	16672	-280	126	-54	
-580	-128	16720	-287	91	-51	
-764	-184	16768	-267	88	-32	
-668	-164	16624	-269	86	-51	
-684	-48	16672	-266	79	-65	
-776	-204	16572	-261	87	-54	
-744	-216	16664	-268	79	-67	
-776	-172	16596	-284	84	-44	
-644	-112	16772	-290	107	-59	
-752	-200	16752	-301	80	-64	
-648	-188	16632	-298	79	-43	
-616	-236	16616	-278	74	-41	
-580	-180	16936	-267	82	-65	
-652	-188	16660	-265	99	-64	
-588	-312	16716	-266	107	-44	
-560	-176	16748	-263	100	-59	
-556	-220	16748	-281	67	-46	
-620	-184	16696	-264	100	-67	
-560	-96	16536	-276	121	-42	
-656	-248	16720	-280	91	-56	
-700	-56	16664	-281	92	-40	
-672	-88	16600	-264	92	-72	
-728	-64	16724	-268	90	-65	
-668	-164	16584	-277	129	-31	
-788	-116	16684	-282	79	-32	
-796	-144	16828	-276	100	-35	
-764	-136	16736	-273	87	-62	
-716	-176	16852	-276	79	-27	
-732	-172	16648	-281	100	-49	
-620	-116	16744	-294	93	-47	
-756	-136	16760	-275	86	-39	
-692	-224	16672	-287	71	-47	
-660	-196	16776	-292	96	-32	
-684	-208	16764	-279	88	-47	
-556	-176	16696	-279	111	-57	
-524	-188	16692	-283	77	-51	
-568	-280	16760	-265	58	-42	
-592	-172	16772	-256	99	-49	
-552	-244	16636	-262	87	-35	
-624	-204	16668	-256	104	-56	
-612	-244	16668	-277	100	-80	
-516	-184	16808	-277	82	-58	
-640	-172	16552	-292	81	-68	
-684	-128	16728	-293	105	-59	
-808	-68	16764	-284	75	-55	